4 4 4 4 4 4 4 4 4 4 4 4 4 4 4 4 4 4
9 9 9 9 9 9 9 9 9 9 9 9 9 9 9 9 9 9
5 5 5 5 5 5 5 5 5 5 5 5 5 5 5 5 5 5
11 11 11 11 11 11 11 11 11 11 11 11 11 11 11 11 11 11
7 7 7 7 7 7 7 7 7 7 7 7 7 7 7 7 7 7
13 13 13 13 13 13 13 13 13 13 13 13 13 13 13 13 13 13
17 17 17 17 17 17 17 17 17 17 17 17 17 17 17 17 17 17
2
4 4 4 4 4 4 4 4 4 4 4 4 4 4 4 4 4 4
9 9 9 9 9 9 9 9 9 9 9 9 9 9 9 9 9 9
5 5 5 5 5 5 5 5 5 5 5 5 5 5 5 5 5 5
11 11 11 11 11 11 11 11 11 11 11 11 11 11 11 11 11 11
7 7 7 7 7 7 7 7 7 7 7 7 7 7 7 7 7 7
13 13 13 13 13 13 13 13 13 13 13 13 13 13 13 13 13 13
17 17 17 17 17 17 17 17 17 17 17 17 17 17 17 17 17 17
3
4 4 4 4 4 4 4 4 4 4 4 4 4 4 4 4 4 4
9 9 9 9 9 9 9 9 9 9 9 9 9 9 9 9 9 9
5 5 5 5 5 5 5 5 5 5 5 5 5 5 5 5 5 5
11 11 11 11 11 11 11 11 11 11 11 11 11 11 11 11 11 11
7 7 7 7 7 7 7 7 7 7 7 7 7 7 7 7 7 7
13 13 13 13 13 13 13 13 13 13 13 13 13 13 13 13 13 13
17 17 17 17 17 17 17 17 17 17 17 17 17 17 17 17 17 17
1
